0
0
0
0
0.337021
0.337021
0.337021
0.337021
0.337021
0.337021
0.337021
0.337021
0.337021
0.337021
0.337021
0.337021
0.337021
0.337021
0
0
0
0
0
0.079085
0.079085
0.079085
0.079085
0.079085
0.079085
0.079085
0.079085
0
0
0
0
0
0
0
0
0
0
0
0
0
0.0660841
0.0660841
0
0
0
0
0
0
0
0
0
0
0
0
0
0.801276
0.801276
0.78108
0.78108
1.35907
1.35907
1.35907
1.27342
0
0
0
0
0
0
0
0
0
0
0.0881613
0.0881613
0.0881613
0.0881613
0.0881613
0.0881613
0
0
0.161817
0.161817
0.161817
0.161817
0.161817
0.879037
0.879037
0.879037
0
0
0
0
0
0
0
0
0.044974
0
0
0.134938
0.134938
0.44216
0.44216
0.44216
0.44216
0.44216
0.44216
0
0
0
0.0837013
0
0
0
0
0
0
0
0.930857
0.930857
0
0
0
0
0
0.516857
0.516857
0.516857
0
0
0
0
0
0.700178
0.700178
0.700178
0.700178
0.700178
0.700178
0.700178
0
0
0
0
0
0
0.027001
0.027001
0
0
0
0
0
0.0117386
0.0117386
0.0117386
0.0117386
0.0117386
0.0117386
0
0
0
0
0
0
0
0.230017
0.620873
0.620873
0.620873
0.620873
0.620873
0.620873
0.633207
0.633207
0.633207
0.633207
0
0
0
0.558643
0.558643
0.558643
0.564702
0.564702
0.564702
0.564702
0.564702
0
0
0
0
0
0
0
0
0
0
0
0.0356944
0.0356944
0.0356944
0.823376
0.823376
0
0
0
0
0
0
0
0
0
0
0
0
0
0
0
0
0
0
0
0
0
0
0
0
0
0
0
0
0
0
0
0
0
0
0
0
0
0
0
0
0
0
0
0
0
0
0
0.0483087
0.1569
0.402193
0.402193
0.402193
0.402193
0.402193
0
0
0
0
0
0
0
0
0
0
0
0.707309
0.707309
1.64968
1.64968
1.64968
1.64968
1.64968
1.64968
1.64968
0
0
0
1.38442
1.07963
1.07963
1.07963
0.980341
0.980341
0.980341
0.980341
0.980341
0.980341
0.980341
0.980341
0.980341
0.980341
0.980341
0.980341
0.980341
0.980341
0.980341
0.980341
0.980341
0.980341
0
0.568649
0.568649
0.575003
0.577685
0.577685
0.577685
1.72879
1.72879
1.72879
1.72879
1.72879
1.72879
1.72879
1.12997
1.12997
1.12997
1.02309
1.02309
1.02309
1.02309
1.02309
1.02309
1.02309
1.02309
1.02309
1.02309
1.02309
0
0
0
0
0
0
0
1.41599
1.41599
1.41599
1.41599
1.41599
1.41599
1.41599
1.41599
1.41599
1.48253
1.48253
1.48253
1.48253
1.05858
0
0
0
0
0
0
0
0
0
0
0
0
0
0
0
0
0
1.38483
1.22765
1.22765
1.22765
1.22765
1.22765
1.22765
1.22765
1.21956
1.21956
1.21956
1.21956
1.21956
1.21956
1.21956
1.08651
1.08651
1.08651
1.0126
1.0126
0.975305
0.975305
0.975305
0.975305
0
0
0
0
0
0
0
1.68875
1.55896
1.55896
1.55896
1.05588
1.05588
1.05588
1.05588
1.49584
0
0
0
0
0
0.419711
0.419711
0.419711
0.419711
0.419711
0.419711
0.419711
0.419711
0.419711
0.419711
0.431571
0.502602
0.505543
0.505543
0.505543
0.547046
0.547046
0.547046
0.547046
0.547046
0.547046
0.547046
0.547046
0.547046
0.547046
0.547046
0.547046
0.547046
0.547046
0
0.208267
0.208267
0.208267
0.208267
0.208267
0.208267
0.208267
0.208267
0.208267
0.208267
0.208267
0.208267
0.208267
0.208267
1.84445
1.84445
1.02917
1.02917
1.02917
1.02917
1.02917
1.02917
1.02917
1.02917
1.02917
1.02917
1.02917
1.02917
1.02917
1.88413
1.88413
0.977493
0
0
0
0
0.123043
0.123043
0.123043
0.123043
0.123043
0.123043
0.123043
0.123043
0.123043
0.123043
0.207948
0.207948
0.207948
0.674916
